[ 0.02904903  0.10302191  0.60298381  0.05031733  0.1791913   0.0354366 ]
[ 0.02904903  0.10302191  0.60298381  0.05031733  0.1791913   0.0354366 ]
[ 0.06521882  0.00805043  0.05420101  0.82614022  0.03248773  0.01390179]
[ 0.06521882  0.00805043  0.05420101  0.82614022  0.03248773  0.01390179]
[ 0.03943639  0.03350156  0.05449547  0.83852522  0.0182195   0.01582185]
[ 0.03943639  0.03350156  0.05449547  0.83852522  0.0182195   0.01582185]
[ 0.0171355   0.12141149  0.68765693  0.07117421  0.07276431  0.02985755]
[ 0.0171355   0.12141149  0.68765693  0.07117421  0.07276431  0.02985755]
[ 0.05889148  0.03703666  0.28452917  0.47494658  0.06609596  0.07850014]
[ 0.05889148  0.03703666  0.28452917  0.47494658  0.06609596  0.07850014]
[ 0.06053662  0.05908166  0.57982309  0.15502687  0.08146429  0.06406747]
[ 0.06053662  0.05908166  0.57982309  0.15502687  0.08146429  0.06406747]
[ 0.05227048  0.09525148  0.20399505  0.50312388  0.09398126  0.05137784]
[ 0.05227048  0.09525148  0.20399505  0.50312388  0.09398126  0.05137784]
[ 0.02861678  0.04256791  0.30016742  0.05808854  0.54200557  0.02855378]
[ 0.02861678  0.04256791  0.30016742  0.05808854  0.54200557  0.02855378]
[ 0.03566911  0.07880645  0.34530109  0.39187499  0.0817464   0.06660196]
[ 0.03566911  0.07880645  0.34530109  0.39187499  0.0817464   0.06660196]
[ 0.11017497  0.01419747  0.56492631  0.23618845  0.04482419  0.02968862]
[ 0.11017497  0.01419747  0.56492631  0.23618845  0.04482419  0.02968862]
[ 0.01772968  0.16418099  0.65280513  0.06078918  0.09403731  0.01045771]
[ 0.01772968  0.16418099  0.65280513  0.06078918  0.09403731  0.01045771]
[ 0.1194015   0.03469907  0.54636721  0.11769375  0.14787676  0.03396171]
[ 0.1194015   0.03469907  0.54636721  0.11769375  0.14787676  0.03396171]
[ 0.07902945  0.03846651  0.48241038  0.32671079  0.05390016  0.01948272]
[ 0.07902945  0.03846651  0.48241038  0.32671079  0.05390016  0.01948272]
[ 0.07107091  0.06435743  0.28366241  0.30955295  0.14838585  0.12297046]
[ 0.07107091  0.06435743  0.28366241  0.30955295  0.14838585  0.12297046]
[ 0.11669476  0.09499993  0.62241123  0.06944688  0.08658051  0.00986669]
[ 0.11669476  0.09499993  0.62241123  0.06944688  0.08658051  0.00986669]
[ 0.03339214  0.06576681  0.42185034  0.0659624   0.04705957  0.36596873]
[ 0.03339214  0.06576681  0.42185034  0.0659624   0.04705957  0.36596873]
[ 0.08967169  0.10974207  0.60024462  0.08739036  0.09122806  0.0217232 ]
[ 0.08967169  0.10974207  0.60024462  0.08739036  0.09122806  0.0217232 ]
[ 0.03509545  0.10651099  0.30392352  0.246125    0.08477579  0.22356924]
[ 0.03509545  0.10651099  0.30392352  0.246125    0.08477579  0.22356924]
[ 0.03505048  0.13301006  0.66207281  0.04981631  0.07215545  0.04789489]
[ 0.03505048  0.13301006  0.66207281  0.04981631  0.07215545  0.04789489]
[ 0.01062325  0.01824635  0.3894604   0.36861061  0.12973473  0.08332466]
[ 0.01062325  0.01824635  0.3894604   0.36861061  0.12973473  0.08332466]
[ 0.02512115  0.06231339  0.74695737  0.09615778  0.05121354  0.01823677]
[ 0.02512115  0.06231339  0.74695737  0.09615778  0.05121354  0.01823677]
[ 0.04017917  0.21281737  0.57362461  0.07513622  0.06706673  0.03117589]
[ 0.04017917  0.21281737  0.57362461  0.07513622  0.06706673  0.03117589]
[ 0.06369135  0.01933189  0.56023929  0.20355822  0.10353004  0.04964921]
[ 0.06369135  0.01933189  0.56023929  0.20355822  0.10353004  0.04964921]
[ 0.02852734  0.0507858   0.06013662  0.77514728  0.04138417  0.04401879]
[ 0.02852734  0.0507858   0.06013662  0.77514728  0.04138417  0.04401879]
[ 0.03154825  0.04220512  0.27458362  0.22254849  0.39121536  0.03789916]
[ 0.03154825  0.04220512  0.27458362  0.22254849  0.39121536  0.03789916]
[ 0.0338109   0.06568894  0.01770017  0.33742553  0.03303583  0.51233865]
[ 0.0338109   0.06568894  0.01770017  0.33742553  0.03303583  0.51233865]
[ 0.02690361  0.29286176  0.29966041  0.09314121  0.09123598  0.19619704]
[ 0.02690361  0.29286176  0.29966041  0.09314121  0.09123598  0.19619704]
[ 0.06848411  0.04946287  0.68240943  0.12446931  0.03982008  0.0353542 ]
[ 0.06848411  0.04946287  0.68240943  0.12446931  0.03982008  0.0353542 ]
[ 0.03125668  0.07819512  0.51711746  0.31074423  0.04654475  0.01614176]
[ 0.03125668  0.07819512  0.51711746  0.31074423  0.04654475  0.01614176]
[ 0.04633287  0.00926337  0.07432808  0.78107967  0.07548114  0.01351486]
[ 0.04633287  0.00926337  0.07432808  0.78107967  0.07548114  0.01351486]
[ 0.07674099  0.05570125  0.65163799  0.13549477  0.06843753  0.01198746]
[ 0.07674099  0.05570125  0.65163799  0.13549477  0.06843753  0.01198746]
[ 0.16160349  0.0174324   0.22008671  0.5187611   0.07325445  0.00886185]
[ 0.16160349  0.0174324   0.22008671  0.5187611   0.07325445  0.00886185]
[ 0.08715689  0.00274395  0.02904572  0.85033596  0.01774219  0.01297528]
[ 0.08715689  0.00274395  0.02904572  0.85033596  0.01774219  0.01297528]
[ 0.12075638  0.08804559  0.59365339  0.09472107  0.07693481  0.02588875]
[ 0.12075638  0.08804559  0.59365339  0.09472107  0.07693481  0.02588875]
[ 0.03122372  0.06415649  0.3405425   0.50894586  0.03923745  0.01589398]
[ 0.03122372  0.06415649  0.3405425   0.50894586  0.03923745  0.01589398]
[ 0.10373291  0.05889991  0.46243309  0.24919039  0.08562537  0.04011833]
[ 0.10373291  0.05889991  0.46243309  0.24919039  0.08562537  0.04011833]
[ 0.0358695   0.09451372  0.63892488  0.07483204  0.12085221  0.03500764]
[ 0.0358695   0.09451372  0.63892488  0.07483204  0.12085221  0.03500764]
[ 0.03794859  0.09979489  0.74546316  0.01829307  0.09572531  0.00277497]
[ 0.03794859  0.09979489  0.74546316  0.01829307  0.09572531  0.00277497]
[ 0.04703466  0.01977093  0.51221329  0.26221751  0.11155207  0.04721154]
[ 0.04703466  0.01977093  0.51221329  0.26221751  0.11155207  0.04721154]
[ 0.02199878  0.08029736  0.75200487  0.08327289  0.05290693  0.00951917]
[ 0.02199878  0.08029736  0.75200487  0.08327289  0.05290693  0.00951917]
[ 0.04720166  0.09974785  0.71828374  0.05139072  0.06713235  0.01624369]
[ 0.04720166  0.09974785  0.71828374  0.05139072  0.06713235  0.01624369]
[ 0.04615934  0.16995012  0.37921101  0.1767563   0.13311977  0.09480346]
[ 0.04615934  0.16995012  0.37921101  0.1767563   0.13311977  0.09480346]
[ 0.05608594  0.07392481  0.67233002  0.13103091  0.04740655  0.01922177]
[ 0.05608594  0.07392481  0.67233002  0.13103091  0.04740655  0.01922177]
[ 0.01961361  0.0512292   0.69374101  0.08220439  0.09049665  0.06271513]
[ 0.01961361  0.0512292   0.69374101  0.08220439  0.09049665  0.06271513]
[ 0.13610271  0.05860462  0.18506353  0.23667073  0.29334408  0.09021434]
[ 0.13610271  0.05860462  0.18506353  0.23667073  0.29334408  0.09021434]
[ 0.07156456  0.06614653  0.30029658  0.29924082  0.10066178  0.16208974]
[ 0.07156456  0.06614653  0.30029658  0.29924082  0.10066178  0.16208974]
[ 0.03955742  0.20318606  0.39939324  0.07106577  0.12135396  0.16544355]
[ 0.03955742  0.20318606  0.39939324  0.07106577  0.12135396  0.16544355]
[ 0.0380949   0.0635098   0.09997239  0.74387204  0.0317717   0.02277917]
[ 0.0380949   0.0635098   0.09997239  0.74387204  0.0317717   0.02277917]
[ 0.01211351  0.05393595  0.6862112   0.1128781   0.0923036   0.04255764]
[ 0.01211351  0.05393595  0.6862112   0.1128781   0.0923036   0.04255764]
[ 0.05725296  0.15881271  0.5080396   0.09130832  0.11314632  0.07144009]
[ 0.05725296  0.15881271  0.5080396   0.09130832  0.11314632  0.07144009]
[ 0.03400545  0.02520039  0.46391201  0.22341516  0.23007943  0.02338757]
[ 0.03400545  0.02520039  0.46391201  0.22341516  0.23007943  0.02338757]
[ 0.04585783  0.0664458   0.2973459   0.36045931  0.04601482  0.18387633]
[ 0.04585783  0.0664458   0.2973459   0.36045931  0.04601482  0.18387633]
[ 0.04695157  0.0125271   0.12688458  0.73656059  0.04752502  0.02955114]
[ 0.04695157  0.0125271   0.12688458  0.73656059  0.04752502  0.02955114]
[ 0.04419955  0.0491331   0.47745892  0.33022905  0.08805788  0.01092151]
[ 0.04419955  0.0491331   0.47745892  0.33022905  0.08805788  0.01092151]
[ 0.1750375   0.03308975  0.5205588   0.1214066   0.09011029  0.05979706]
[ 0.1750375   0.03308975  0.5205588   0.1214066   0.09011029  0.05979706]
[ 0.02218484  0.05912257  0.24434963  0.28551546  0.06066507  0.32816243]
[ 0.02218484  0.05912257  0.24434963  0.28551546  0.06066507  0.32816243]
[ 0.08730293  0.07407704  0.54138136  0.13301797  0.10233322  0.06188748]
[ 0.08730293  0.07407704  0.54138136  0.13301797  0.10233322  0.06188748]
[ 0.03190145  0.05658823  0.4211548   0.20520351  0.23237924  0.05277276]
[ 0.03190145  0.05658823  0.4211548   0.20520351  0.23237924  0.05277276]
[ 0.06323113  0.02259143  0.04749955  0.79767928  0.04080944  0.02818917]
[ 0.06323113  0.02259143  0.04749955  0.79767928  0.04080944  0.02818917]
[ 0.05085413  0.02972531  0.18211732  0.66780586  0.05999231  0.00950508]
[ 0.05085413  0.02972531  0.18211732  0.66780586  0.05999231  0.00950508]
[ 0.06401123  0.05434099  0.70679695  0.07356114  0.07832445  0.02296524]
[ 0.06401123  0.05434099  0.70679695  0.07356114  0.07832445  0.02296524]
[ 0.05073097  0.04459442  0.46595768  0.30084852  0.11169298  0.02617543]
[ 0.05073097  0.04459442  0.46595768  0.30084852  0.11169298  0.02617543]
[ 0.02411438  0.06550561  0.57148553  0.24151018  0.09390671  0.00347758]
[ 0.02411438  0.06550561  0.57148553  0.24151018  0.09390671  0.00347758]
[ 0.02774303  0.1125294   0.67146574  0.07153805  0.09854573  0.01817805]
[ 0.02774303  0.1125294   0.67146574  0.07153805  0.09854573  0.01817805]
[ 0.07571113  0.0822214   0.61770766  0.09879392  0.06996648  0.05559941]
[ 0.07571113  0.0822214   0.61770766  0.09879392  0.06996648  0.05559941]
[ 0.04599895  0.04018315  0.33722524  0.32528058  0.08766885  0.16364322]
[ 0.04599895  0.04018315  0.33722524  0.32528058  0.08766885  0.16364322]
[ 0.16139209  0.01190155  0.24029748  0.43111175  0.10204396  0.05325318]
[ 0.16139209  0.01190155  0.24029748  0.43111175  0.10204396  0.05325318]
[ 0.03568892  0.10016196  0.34234148  0.10066823  0.40839603  0.01274339]
[ 0.03568892  0.10016196  0.34234148  0.10066823  0.40839603  0.01274339]
[ 0.11352668  0.06359416  0.19186748  0.17209655  0.10230944  0.35660568]
[ 0.11352668  0.06359416  0.19186748  0.17209655  0.10230944  0.35660568]
[ 0.01357678  0.03788327  0.82394667  0.06154133  0.05078499  0.01226695]
[ 0.01357678  0.03788327  0.82394667  0.06154133  0.05078499  0.01226695]
[ 0.01488194  0.07167687  0.70897383  0.1322963   0.06679788  0.00537317]
[ 0.01488194  0.07167687  0.70897383  0.1322963   0.06679788  0.00537317]
[ 0.05489788  0.0312856   0.46100931  0.30408751  0.11465377  0.03406593]
[ 0.05489788  0.0312856   0.46100931  0.30408751  0.11465377  0.03406593]
[ 0.02974956  0.14844253  0.55401064  0.12511184  0.12063975  0.02204569]
[ 0.02974956  0.14844253  0.55401064  0.12511184  0.12063975  0.02204569]
[ 0.06463738  0.13221829  0.42262054  0.33212948  0.0310158   0.01737851]
[ 0.06463738  0.13221829  0.42262054  0.33212948  0.0310158   0.01737851]
[ 0.04644343  0.20093086  0.46231875  0.11528098  0.12188919  0.05313679]
[ 0.04644343  0.20093086  0.46231875  0.11528098  0.12188919  0.05313679]
[ 0.03101698  0.16124875  0.62338624  0.0703794   0.08151949  0.03244915]
[ 0.03101698  0.16124875  0.62338624  0.0703794   0.08151949  0.03244915]
[ 0.28532389  0.04509146  0.51748552  0.06970186  0.05827661  0.02412066]
[ 0.28532389  0.04509146  0.51748552  0.06970186  0.05827661  0.02412066]
[ 0.06195219  0.08440077  0.50382327  0.17736325  0.10568504  0.06677548]
[ 0.06195219  0.08440077  0.50382327  0.17736325  0.10568504  0.06677548]
[ 0.05958174  0.07475144  0.34348385  0.32143597  0.09578061  0.10496639]
[ 0.05958174  0.07475144  0.34348385  0.32143597  0.09578061  0.10496639]
[ 0.07094508  0.16811911  0.36993049  0.16445163  0.2133544   0.0131993 ]
[ 0.07094508  0.16811911  0.36993049  0.16445163  0.2133544   0.0131993 ]
[ 0.03545207  0.10264369  0.50918349  0.09043907  0.22607136  0.03621031]
[ 0.03545207  0.10264369  0.50918349  0.09043907  0.22607136  0.03621031]
[ 0.05752956  0.07214661  0.08398709  0.62147938  0.11383842  0.05101894]
[ 0.05752956  0.07214661  0.08398709  0.62147938  0.11383842  0.05101894]
[ 0.18309234  0.08851531  0.41284529  0.10591583  0.14785744  0.0617738 ]
[ 0.18309234  0.08851531  0.41284529  0.10591583  0.14785744  0.0617738 ]
[ 0.0462204   0.05357988  0.49998436  0.31143309  0.07222207  0.0165602 ]
[ 0.0462204   0.05357988  0.49998436  0.31143309  0.07222207  0.0165602 ]
[ 0.01133283  0.21742359  0.50694172  0.15142796  0.10295638  0.00991753]
[ 0.01133283  0.21742359  0.50694172  0.15142796  0.10295638  0.00991753]
[ 0.03759268  0.06662653  0.5150689   0.21129361  0.15426237  0.01515591]
[ 0.03759268  0.06662653  0.5150689   0.21129361  0.15426237  0.01515591]
[ 0.03869428  0.12100308  0.64763838  0.08486091  0.06450718  0.04329616]
[ 0.03869428  0.12100308  0.64763838  0.08486091  0.06450718  0.04329616]
[ 0.05409201  0.11489674  0.3042628   0.43981812  0.08069894  0.00623139]
[ 0.05409201  0.11489674  0.3042628   0.43981812  0.08069894  0.00623139]
[ 0.03499812  0.03752213  0.16124864  0.67365858  0.07890402  0.01366851]
[ 0.03499812  0.03752213  0.16124864  0.67365858  0.07890402  0.01366851]
[ 0.0306062   0.0271561   0.7780807   0.06851526  0.07243942  0.02320231]
[ 0.0306062   0.0271561   0.7780807   0.06851526  0.07243942  0.02320231]
[ 0.02527096  0.08995576  0.62079553  0.05191925  0.15455507  0.05750342]
[ 0.02527096  0.08995576  0.62079553  0.05191925  0.15455507  0.05750342]
[ 0.02342068  0.14329369  0.65098954  0.05497163  0.09576467  0.03155979]
[ 0.02342068  0.14329369  0.65098954  0.05497163  0.09576467  0.03155979]
[ 0.12866395  0.18243304  0.3689357   0.19001466  0.1144694   0.01548325]
[ 0.12866395  0.18243304  0.3689357   0.19001466  0.1144694   0.01548325]
[ 0.00807702  0.12978061  0.49368612  0.03113786  0.32736781  0.00995057]
[ 0.00807702  0.12978061  0.49368612  0.03113786  0.32736781  0.00995057]
[ 0.04356013  0.17892983  0.40257976  0.09441255  0.24011057  0.04040716]
[ 0.04356013  0.17892983  0.40257976  0.09441255  0.24011057  0.04040716]
[ 0.04810882  0.26748959  0.26553976  0.24934456  0.10700577  0.06251149]
[ 0.04810882  0.26748959  0.26553976  0.24934456  0.10700577  0.06251149]
[ 0.01463577  0.09902334  0.51990181  0.21218235  0.13420571  0.02005101]
[ 0.01463577  0.09902334  0.51990181  0.21218235  0.13420571  0.02005101]
[ 0.03540018  0.13771153  0.46572273  0.24532832  0.11069876  0.00513849]
[ 0.03540018  0.13771153  0.46572273  0.24532832  0.11069876  0.00513849]
[ 0.02338197  0.47807555  0.29130558  0.09134938  0.09495059  0.02093694]
[ 0.02338197  0.47807555  0.29130558  0.09134938  0.09495059  0.02093694]
[ 0.03643428  0.07436015  0.65269228  0.0593594   0.15442574  0.02272814]
[ 0.03643428  0.07436015  0.65269228  0.0593594   0.15442574  0.02272814]
[ 0.01925727  0.35650215  0.55474863  0.02168797  0.03708469  0.01071929]
[ 0.01925727  0.35650215  0.55474863  0.02168797  0.03708469  0.01071929]
[ 0.08965447  0.20926987  0.55012874  0.04451319  0.05620293  0.0502308 ]
[ 0.08965447  0.20926987  0.55012874  0.04451319  0.05620293  0.0502308 ]
[ 0.05648613  0.15097474  0.68308277  0.03494997  0.06277798  0.01172841]
[ 0.05648613  0.15097474  0.68308277  0.03494997  0.06277798  0.01172841]
[ 0.05547236  0.123287    0.47454764  0.21919474  0.06637288  0.06112537]
[ 0.05547236  0.123287    0.47454764  0.21919474  0.06637288  0.06112537]
[ 0.02825612  0.06500909  0.76591888  0.06028418  0.05406865  0.02646308]
[ 0.02825612  0.06500909  0.76591888  0.06028418  0.05406865  0.02646308]
[ 0.02651137  0.38105285  0.50670252  0.02818956  0.03904369  0.01850001]
[ 0.02651137  0.38105285  0.50670252  0.02818956  0.03904369  0.01850001]
[ 0.04317655  0.09092178  0.16350288  0.04403083  0.64953983  0.00882811]
[ 0.04317655  0.09092178  0.16350288  0.04403083  0.64953983  0.00882811]
[ 0.02315402  0.03422244  0.79341315  0.06533641  0.06790618  0.0159678 ]
[ 0.02315402  0.03422244  0.79341315  0.06533641  0.06790618  0.0159678 ]
[ 0.04381457  0.06319148  0.70927009  0.07167606  0.09479755  0.01725026]
[ 0.04381457  0.06319148  0.70927009  0.07167606  0.09479755  0.01725026]
[ 0.09092832  0.06563452  0.29390871  0.21596181  0.31662155  0.01694509]
[ 0.09092832  0.06563452  0.29390871  0.21596181  0.31662155  0.01694509]
[ 0.60779303  0.23312772  0.06032336  0.03895382  0.02486287  0.03493921]
[ 0.60779303  0.23312772  0.06032336  0.03895382  0.02486287  0.03493921]
[ 0.03198     0.10424995  0.69852789  0.08741281  0.05245725  0.0253721 ]
[ 0.03198     0.10424995  0.69852789  0.08741281  0.05245725  0.0253721 ]
[ 0.05626991  0.09606923  0.31740848  0.0614791   0.21568709  0.25308619]
[ 0.05626991  0.09606923  0.31740848  0.0614791   0.21568709  0.25308619]
[ 0.03965879  0.11485548  0.68854255  0.08074829  0.04396891  0.03222598]
[ 0.03965879  0.11485548  0.68854255  0.08074829  0.04396891  0.03222598]
[ 0.03462859  0.2458584   0.39668211  0.06646244  0.10420015  0.15216832]
[ 0.03462859  0.2458584   0.39668211  0.06646244  0.10420015  0.15216832]
[ 0.02186972  0.04269585  0.77745022  0.05189065  0.08594813  0.02014544]
[ 0.02186972  0.04269585  0.77745022  0.05189065  0.08594813  0.02014544]
[ 0.01555394  0.09615341  0.45532574  0.25896256  0.10895331  0.06505104]
[ 0.01555394  0.09615341  0.45532574  0.25896256  0.10895331  0.06505104]
[ 0.03199823  0.0812635   0.7251355   0.06388388  0.06568754  0.03203135]
[ 0.03199823  0.0812635   0.7251355   0.06388388  0.06568754  0.03203135]
[ 0.02076084  0.08417049  0.59264751  0.0527213   0.23632124  0.01337862]
[ 0.02076084  0.08417049  0.59264751  0.0527213   0.23632124  0.01337862]
[ 0.05370018  0.655787    0.10703505  0.03846764  0.1113568   0.03365334]
[ 0.05370018  0.655787    0.10703505  0.03846764  0.1113568   0.03365334]
[ 0.0535504   0.00491886  0.02106118  0.89871269  0.01882931  0.00292757]
[ 0.0535504   0.00491886  0.02106118  0.89871269  0.01882931  0.00292757]
[ 0.06169495  0.0867739   0.41617684  0.24052662  0.15609866  0.03872904]
[ 0.06169495  0.0867739   0.41617684  0.24052662  0.15609866  0.03872904]
[ 0.07057093  0.08127493  0.20198295  0.42560878  0.14498952  0.0755729 ]
[ 0.07057093  0.08127493  0.20198295  0.42560878  0.14498952  0.0755729 ]
[ 0.01002914  0.01976061  0.88178613  0.01641724  0.04197479  0.03003209]
[ 0.01002914  0.01976061  0.88178613  0.01641724  0.04197479  0.03003209]
[ 0.02052287  0.05146922  0.28824094  0.33199176  0.26828461  0.0394906 ]
[ 0.02052287  0.05146922  0.28824094  0.33199176  0.26828461  0.0394906 ]
[ 0.05098248  0.07667389  0.5491511   0.1596817   0.0621371   0.10137373]
[ 0.05098248  0.07667389  0.5491511   0.1596817   0.0621371   0.10137373]
[ 0.0670301   0.07881268  0.59862595  0.11077634  0.11265438  0.03210055]
[ 0.0670301   0.07881268  0.59862595  0.11077634  0.11265438  0.03210055]
[ 0.03286333  0.05957093  0.25720421  0.13997749  0.1449182   0.36546584]
[ 0.03286333  0.05957093  0.25720421  0.13997749  0.1449182   0.36546584]
[ 0.11733157  0.05377654  0.20973756  0.46831366  0.07550399  0.07533669]
[ 0.11733157  0.05377654  0.20973756  0.46831366  0.07550399  0.07533669]
[ 0.03404849  0.20478702  0.52451183  0.09365616  0.12334604  0.01965046]
[ 0.03404849  0.20478702  0.52451183  0.09365616  0.12334604  0.01965046]
[ 0.01324351  0.07281113  0.75613715  0.05752307  0.07511813  0.025167  ]
[ 0.01324351  0.07281113  0.75613715  0.05752307  0.07511813  0.025167  ]
[ 0.0324457   0.08845848  0.14010555  0.27717252  0.4338045   0.02801325]
[ 0.0324457   0.08845848  0.14010555  0.27717252  0.4338045   0.02801325]
[ 0.04305953  0.0322241   0.3686586   0.49271301  0.05463365  0.00871111]
[ 0.04305953  0.0322241   0.3686586   0.49271301  0.05463365  0.00871111]
[ 0.04156527  0.04338203  0.51703554  0.16338359  0.21417893  0.02045464]
[ 0.04156527  0.04338203  0.51703554  0.16338359  0.21417893  0.02045464]
[ 0.14065022  0.2519817   0.33077971  0.13198664  0.10817837  0.03642336]
[ 0.14065022  0.2519817   0.33077971  0.13198664  0.10817837  0.03642336]
[ 0.18082535  0.1998736   0.31031511  0.14324384  0.13927194  0.02647015]
[ 0.18082535  0.1998736   0.31031511  0.14324384  0.13927194  0.02647015]
[ 0.02065868  0.81631465  0.02335088  0.03139032  0.04495663  0.06332884]
[ 0.02065868  0.81631465  0.02335088  0.03139032  0.04495663  0.06332884]
[ 0.02898656  0.06277416  0.74144979  0.06104689  0.06182523  0.04391736]
[ 0.02898656  0.06277416  0.74144979  0.06104689  0.06182523  0.04391736]
[ 0.03404379  0.11784533  0.64604299  0.06812447  0.08187078  0.05207264]
[ 0.03404379  0.11784533  0.64604299  0.06812447  0.08187078  0.05207264]
[ 0.07713583  0.08474333  0.49328987  0.19417119  0.10017334  0.05048643]
[ 0.07713583  0.08474333  0.49328987  0.19417119  0.10017334  0.05048643]
[ 0.03246781  0.20937147  0.58518928  0.08576686  0.04596652  0.04123806]
[ 0.03246781  0.20937147  0.58518928  0.08576686  0.04596652  0.04123806]
[ 0.03059201  0.67808467  0.14864902  0.0328013   0.03932752  0.07054547]
[ 0.03059201  0.67808467  0.14864902  0.0328013   0.03932752  0.07054547]
[ 0.03843768  0.53101867  0.23055439  0.05157875  0.07217193  0.07623858]
[ 0.03843768  0.53101867  0.23055439  0.05157875  0.07217193  0.07623858]
[ 0.09316314  0.12155106  0.37887588  0.19576763  0.17731592  0.03332637]
[ 0.09316314  0.12155106  0.37887588  0.19576763  0.17731592  0.03332637]
[ 0.03173289  0.12855511  0.69830147  0.05695954  0.0668937   0.01755729]
[ 0.03173289  0.12855511  0.69830147  0.05695954  0.0668937   0.01755729]
[ 0.02336525  0.03610074  0.60478899  0.26199481  0.04731764  0.02643257]
[ 0.02336525  0.03610074  0.60478899  0.26199481  0.04731764  0.02643257]
[ 0.03031158  0.0429923   0.58369957  0.2085619   0.06051841  0.07391624]
[ 0.03031158  0.0429923   0.58369957  0.2085619   0.06051841  0.07391624]
[ 0.05670812  0.208236    0.22551155  0.13091746  0.30468871  0.07393816]
[ 0.05670812  0.208236    0.22551155  0.13091746  0.30468871  0.07393816]
[ 0.01611694  0.07621344  0.73781915  0.1017676   0.04328052  0.02480235]
[ 0.01611694  0.07621344  0.73781915  0.1017676   0.04328052  0.02480235]
[ 0.01508447  0.06196601  0.86417227  0.01326875  0.030206    0.0153025 ]
[ 0.01508447  0.06196601  0.86417227  0.01326875  0.030206    0.0153025 ]
[ 0.02668958  0.13037673  0.68017443  0.06054052  0.06837149  0.03384724]
[ 0.02668958  0.13037673  0.68017443  0.06054052  0.06837149  0.03384724]
[ 0.02186972  0.04269585  0.77745022  0.05189065  0.08594813  0.02014544]
[ 0.02186972  0.04269585  0.77745022  0.05189065  0.08594813  0.02014544]
[ 0.02916146  0.04586343  0.15801377  0.36782425  0.33992577  0.05921133]
[ 0.02916146  0.04586343  0.15801377  0.36782425  0.33992577  0.05921133]
[ 0.03208831  0.10361887  0.4666942   0.15117769  0.04669006  0.19973087]
[ 0.03208831  0.10361887  0.4666942   0.15117769  0.04669006  0.19973087]
[ 0.02186972  0.04269585  0.77745022  0.05189065  0.08594813  0.02014544]
[ 0.02186972  0.04269585  0.77745022  0.05189065  0.08594813  0.02014544]
[ 0.02186972  0.04269585  0.77745022  0.05189065  0.08594813  0.02014544]
[ 0.02186972  0.04269585  0.77745022  0.05189065  0.08594813  0.02014544]
[ 0.04670818  0.08404995  0.69706263  0.09103645  0.06688451  0.01425828]
[ 0.04670818  0.08404995  0.69706263  0.09103645  0.06688451  0.01425828]
[ 0.02186972  0.04269585  0.77745022  0.05189065  0.08594813  0.02014544]
[ 0.02186972  0.04269585  0.77745022  0.05189065  0.08594813  0.02014544]
[ 0.02186972  0.04269585  0.77745022  0.05189065  0.08594813  0.02014544]
[ 0.02186972  0.04269585  0.77745022  0.05189065  0.08594813  0.02014544]
[ 0.03257626  0.22066505  0.5855942   0.06287062  0.05263593  0.04565794]
[ 0.03257626  0.22066505  0.5855942   0.06287062  0.05263593  0.04565794]
[ 0.02186972  0.04269585  0.77745022  0.05189065  0.08594813  0.02014544]
[ 0.02186972  0.04269585  0.77745022  0.05189065  0.08594813  0.02014544]
[ 0.02365569  0.01274981  0.0509254   0.06922275  0.01983831  0.82360803]
[ 0.02365569  0.01274981  0.0509254   0.06922275  0.01983831  0.82360803]
[ 0.03686368  0.06606103  0.28603269  0.04700316  0.22162204  0.34241739]
[ 0.03686368  0.06606103  0.28603269  0.04700316  0.22162204  0.34241739]
[ 0.04258733  0.16705842  0.49201785  0.16160816  0.10686863  0.02985962]
[ 0.04258733  0.16705842  0.49201785  0.16160816  0.10686863  0.02985962]
[ 0.02517386  0.09711571  0.40099568  0.05010375  0.40415134  0.02245966]
[ 0.02517386  0.09711571  0.40099568  0.05010375  0.40415134  0.02245966]
[ 0.06134833  0.245626    0.31536627  0.20093923  0.09446199  0.08225817]
[ 0.06134833  0.245626    0.31536627  0.20093923  0.09446199  0.08225817]
[ 0.01494662  0.00955323  0.01636732  0.0093068   0.02427609  0.92554995]
[ 0.01494662  0.00955323  0.01636732  0.0093068   0.02427609  0.92554995]
[ 0.04968638  0.16912621  0.30304567  0.14786696  0.12849907  0.20177572]
[ 0.04968638  0.16912621  0.30304567  0.14786696  0.12849907  0.20177572]
[ 0.05226521  0.01964752  0.05852705  0.17969641  0.06151251  0.6283513 ]
[ 0.05226521  0.01964752  0.05852705  0.17969641  0.06151251  0.6283513 ]
[ 0.05958438  0.72373522  0.05768385  0.0433284   0.07334013  0.04232802]
[ 0.05958438  0.72373522  0.05768385  0.0433284   0.07334013  0.04232802]
[ 0.07819446  0.11192295  0.47911954  0.2275394   0.07778421  0.02543945]
[ 0.07819446  0.11192295  0.47911954  0.2275394   0.07778421  0.02543945]
[ 0.0243926   0.07622287  0.64020772  0.22009354  0.03318897  0.00589431]
[ 0.0243926   0.07622287  0.64020772  0.22009354  0.03318897  0.00589431]
[ 0.03915347  0.08513739  0.67476465  0.04365784  0.07738257  0.07990409]
[ 0.03915347  0.08513739  0.67476465  0.04365784  0.07738257  0.07990409]
[ 0.04625263  0.11771034  0.1581283   0.50362455  0.11823573  0.05604845]
[ 0.04625263  0.11771034  0.1581283   0.50362455  0.11823573  0.05604845]
[ 0.03941546  0.12187558  0.45213984  0.26760343  0.10437785  0.01458784]
[ 0.03941546  0.12187558  0.45213984  0.26760343  0.10437785  0.01458784]
[ 0.01529693  0.04364226  0.82232324  0.02095907  0.06517392  0.03260458]
[ 0.01529693  0.04364226  0.82232324  0.02095907  0.06517392  0.03260458]
[ 0.03374822  0.24417242  0.36531774  0.2625858   0.05925569  0.03492012]
[ 0.03374822  0.24417242  0.36531774  0.2625858   0.05925569  0.03492012]
[ 0.02569997  0.04862846  0.09703358  0.27405278  0.1063343   0.44825092]
[ 0.02569997  0.04862846  0.09703358  0.27405278  0.1063343   0.44825092]
[ 0.21718623  0.09647639  0.31038786  0.15266538  0.13507636  0.08820779]
[ 0.21718623  0.09647639  0.31038786  0.15266538  0.13507636  0.08820779]
[ 0.11732122  0.37131491  0.26102266  0.0544317   0.1608084   0.03510112]
[ 0.11732122  0.37131491  0.26102266  0.0544317   0.1608084   0.03510112]
[ 0.07690179  0.02850715  0.14165521  0.61772873  0.0590383   0.07616883]
[ 0.07690179  0.02850715  0.14165521  0.61772873  0.0590383   0.07616883]
[ 0.03114207  0.04872057  0.73297569  0.11106426  0.03997874  0.03611868]
[ 0.03114207  0.04872057  0.73297569  0.11106426  0.03997874  0.03611868]
[ 0.02896722  0.02735978  0.83233277  0.02264666  0.05229493  0.03639864]
[ 0.02896722  0.02735978  0.83233277  0.02264666  0.05229493  0.03639864]
[ 0.06080248  0.07286084  0.11582972  0.56257311  0.15056197  0.03737189]
[ 0.06080248  0.07286084  0.11582972  0.56257311  0.15056197  0.03737189]
[ 0.07436446  0.08696379  0.14758689  0.19946382  0.09291938  0.39870165]
[ 0.07436446  0.08696379  0.14758689  0.19946382  0.09291938  0.39870165]
[ 0.0160067   0.0405105   0.68150623  0.17341697  0.0489325   0.0396271 ]
[ 0.0160067   0.0405105   0.68150623  0.17341697  0.0489325   0.0396271 ]
[ 0.12356966  0.35330971  0.20664477  0.23820838  0.06520148  0.013066  ]
[ 0.12356966  0.35330971  0.20664477  0.23820838  0.06520148  0.013066  ]
[ 0.05671324  0.1456888   0.541732    0.08007166  0.0907066   0.0850877 ]
[ 0.05671324  0.1456888   0.541732    0.08007166  0.0907066   0.0850877 ]
[ 0.08104273  0.0902962   0.57960683  0.09511534  0.06986915  0.08406975]
[ 0.08104273  0.0902962   0.57960683  0.09511534  0.06986915  0.08406975]
[ 0.01403036  0.04273715  0.59295404  0.2104922   0.07499562  0.06479063]
[ 0.01403036  0.04273715  0.59295404  0.2104922   0.07499562  0.06479063]
[ 0.03682897  0.07162964  0.63630252  0.09634477  0.11291912  0.04597497]
[ 0.03682897  0.07162964  0.63630252  0.09634477  0.11291912  0.04597497]
[ 0.03843556  0.11567823  0.28544666  0.26559694  0.06936462  0.22547799]
[ 0.03843556  0.11567823  0.28544666  0.26559694  0.06936462  0.22547799]
[ 0.19908223  0.08370911  0.15281145  0.34738712  0.13015618  0.08685391]
[ 0.19908223  0.08370911  0.15281145  0.34738712  0.13015618  0.08685391]
[ 0.08694674  0.09523504  0.4289591   0.23838143  0.09001398  0.06046371]
[ 0.08694674  0.09523504  0.4289591   0.23838143  0.09001398  0.06046371]
[ 0.04767359  0.02022358  0.0157325   0.82754348  0.05589124  0.03293561]
[ 0.04767359  0.02022358  0.0157325   0.82754348  0.05589124  0.03293561]
[ 0.04430659  0.03333685  0.17665687  0.28835171  0.11792223  0.33942574]
[ 0.04430659  0.03333685  0.17665687  0.28835171  0.11792223  0.33942574]
[ 0.12796215  0.07125981  0.06551905  0.58972913  0.09322064  0.05230922]
[ 0.12796215  0.07125981  0.06551905  0.58972913  0.09322064  0.05230922]
[ 0.03043979  0.11513193  0.48083218  0.21266945  0.10245344  0.05847321]
[ 0.03043979  0.11513193  0.48083218  0.21266945  0.10245344  0.05847321]
[ 0.05430898  0.04266744  0.28819059  0.41354881  0.12267671  0.07860746]
[ 0.05430898  0.04266744  0.28819059  0.41354881  0.12267671  0.07860746]
[ 0.03533218  0.07276361  0.6839996   0.16518287  0.02835384  0.01436792]
[ 0.03533218  0.07276361  0.6839996   0.16518287  0.02835384  0.01436792]
[ 0.05497224  0.06607295  0.61717687  0.06313977  0.08408179  0.11455638]
[ 0.05497224  0.06607295  0.61717687  0.06313977  0.08408179  0.11455638]
[ 0.02825617  0.03941243  0.6372354   0.12411545  0.09726832  0.07371222]
[ 0.02825617  0.03941243  0.6372354   0.12411545  0.09726832  0.07371222]
[ 0.08362896  0.04602884  0.25999014  0.44524409  0.08058139  0.08452658]
[ 0.08362896  0.04602884  0.25999014  0.44524409  0.08058139  0.08452658]
[ 0.03428329  0.09666081  0.64651285  0.06010925  0.14472916  0.01770464]
[ 0.03428329  0.09666081  0.64651285  0.06010925  0.14472916  0.01770464]
[ 0.11098908  0.08322579  0.5834059   0.05282688  0.04917063  0.12038171]
[ 0.11098908  0.08322579  0.5834059   0.05282688  0.04917063  0.12038171]
[ 0.04397663  0.04567959  0.15588636  0.61095826  0.0654271   0.07807207]
[ 0.04397663  0.04567959  0.15588636  0.61095826  0.0654271   0.07807207]
[ 0.11384251  0.11710997  0.45326875  0.12298125  0.08322301  0.1095745 ]
[ 0.11384251  0.11710997  0.45326875  0.12298125  0.08322301  0.1095745 ]
[ 0.04169407  0.09472814  0.50689194  0.05375421  0.17796528  0.12496636]
[ 0.04169407  0.09472814  0.50689194  0.05375421  0.17796528  0.12496636]
[ 0.33579715  0.09669717  0.23934427  0.14341007  0.09961194  0.08513939]
[ 0.33579715  0.09669717  0.23934427  0.14341007  0.09961194  0.08513939]
[ 0.02569397  0.72884169  0.12957381  0.02818553  0.03735198  0.05035302]
[ 0.02569397  0.72884169  0.12957381  0.02818553  0.03735198  0.05035302]
[ 0.04612193  0.1000934   0.61064924  0.09007328  0.09506157  0.05800058]
[ 0.04612193  0.1000934   0.61064924  0.09007328  0.09506157  0.05800058]
[ 0.00752529  0.07176471  0.8523974   0.02155908  0.04277012  0.0039834 ]
[ 0.00752529  0.07176471  0.8523974   0.02155908  0.04277012  0.0039834 ]
[ 0.43887098  0.09854788  0.15530712  0.18811982  0.10628238  0.01287183]
[ 0.43887098  0.09854788  0.15530712  0.18811982  0.10628238  0.01287183]
[ 0.05892027  0.12570805  0.53934474  0.08523135  0.10019775  0.09059784]
[ 0.05892027  0.12570805  0.53934474  0.08523135  0.10019775  0.09059784]
[ 0.44315736  0.10299424  0.21559208  0.0583095   0.07202923  0.10791759]
[ 0.44315736  0.10299424  0.21559208  0.0583095   0.07202923  0.10791759]
[ 0.11091713  0.37408622  0.20553692  0.23359382  0.06314324  0.01272267]
[ 0.11091713  0.37408622  0.20553692  0.23359382  0.06314324  0.01272267]
[ 0.02806469  0.19704007  0.55363219  0.12595937  0.06898796  0.02631572]
[ 0.02806469  0.19704007  0.55363219  0.12595937  0.06898796  0.02631572]
[ 0.04650818  0.19010308  0.60469431  0.03433966  0.07401519  0.05033958]
[ 0.04650818  0.19010308  0.60469431  0.03433966  0.07401519  0.05033958]
[ 0.04388532  0.03709005  0.10029835  0.71461515  0.05762098  0.04649016]
[ 0.04388532  0.03709005  0.10029835  0.71461515  0.05762098  0.04649016]
[ 0.03289162  0.36652289  0.19540199  0.20035614  0.16290138  0.04192597]
[ 0.03289162  0.36652289  0.19540199  0.20035614  0.16290138  0.04192597]
[ 0.03122408  0.04916656  0.73121499  0.11186035  0.04007131  0.03646271]
[ 0.03122408  0.04916656  0.73121499  0.11186035  0.04007131  0.03646271]
[ 0.01583016  0.07720129  0.41926609  0.27195412  0.17922526  0.03652306]
[ 0.01583016  0.07720129  0.41926609  0.27195412  0.17922526  0.03652306]
[ 0.25992035  0.12061025  0.36533012  0.06738839  0.14854214  0.03820875]
[ 0.25992035  0.12061025  0.36533012  0.06738839  0.14854214  0.03820875]
[ 0.05374528  0.10123827  0.12819045  0.13783792  0.19360323  0.38538485]
[ 0.05374528  0.10123827  0.12819045  0.13783792  0.19360323  0.38538485]
[ 0.03110325  0.02604458  0.13161082  0.51194901  0.05771266  0.24157968]
[ 0.03110325  0.02604458  0.13161082  0.51194901  0.05771266  0.24157968]
[ 0.06287152  0.1132951   0.44984965  0.16210535  0.14883836  0.06304001]
[ 0.06287152  0.1132951   0.44984965  0.16210535  0.14883836  0.06304001]
[ 0.04205283  0.03943856  0.05189962  0.76808693  0.06533628  0.03318577]
[ 0.04205283  0.03943856  0.05189962  0.76808693  0.06533628  0.03318577]
[ 0.06910027  0.13188235  0.68051209  0.03130362  0.04510722  0.04209445]
[ 0.06910027  0.13188235  0.68051209  0.03130362  0.04510722  0.04209445]
[ 0.03244016  0.17932893  0.57037316  0.05949417  0.13031253  0.02805104]
[ 0.03244016  0.17932893  0.57037316  0.05949417  0.13031253  0.02805104]
[ 0.0500478   0.12992896  0.570902    0.05777225  0.11637186  0.07497713]
[ 0.0500478   0.12992896  0.570902    0.05777225  0.11637186  0.07497713]
[ 0.04804666  0.31886587  0.31247247  0.24968731  0.05071841  0.02020929]
[ 0.04804666  0.31886587  0.31247247  0.24968731  0.05071841  0.02020929]
[ 0.05366279  0.07815426  0.63945637  0.11597628  0.06032093  0.05242937]
[ 0.05366279  0.07815426  0.63945637  0.11597628  0.06032093  0.05242937]
[ 0.03183501  0.11776184  0.51788035  0.16234758  0.13365262  0.0365226 ]
[ 0.03183501  0.11776184  0.51788035  0.16234758  0.13365262  0.0365226 ]
[ 0.01650259  0.15376659  0.66020887  0.04968758  0.08975719  0.03007717]
[ 0.01650259  0.15376659  0.66020887  0.04968758  0.08975719  0.03007717]
[ 0.03537634  0.03195759  0.12453494  0.66030548  0.09485165  0.052974  ]
[ 0.03537634  0.03195759  0.12453494  0.66030548  0.09485165  0.052974  ]
[ 0.1744219   0.16601583  0.1731517   0.31379312  0.10889166  0.06372579]
[ 0.1744219   0.16601583  0.1731517   0.31379312  0.10889166  0.06372579]
[ 0.03190081  0.08611083  0.47701507  0.08115292  0.11725935  0.20656102]
[ 0.03190081  0.08611083  0.47701507  0.08115292  0.11725935  0.20656102]
[ 0.09767811  0.17182417  0.54649722  0.0829661   0.07459275  0.02644165]
[ 0.09767811  0.17182417  0.54649722  0.0829661   0.07459275  0.02644165]
[ 0.02630411  0.18643926  0.233993    0.06177165  0.06690824  0.42458375]
[ 0.02630411  0.18643926  0.233993    0.06177165  0.06690824  0.42458375]
[ 0.04814047  0.03235799  0.06111845  0.13538062  0.06303701  0.65996546]
[ 0.04814047  0.03235799  0.06111845  0.13538062  0.06303701  0.65996546]
[ 0.02187037  0.57131562  0.1950155   0.04318482  0.08003336  0.08858033]
[ 0.02187037  0.57131562  0.1950155   0.04318482  0.08003336  0.08858033]
[ 0.019011    0.0246558   0.0162459   0.6909225   0.03086469  0.21830011]
[ 0.019011    0.0246558   0.0162459   0.6909225   0.03086469  0.21830011]
[ 0.03590597  0.19534089  0.18124027  0.5028491   0.05102915  0.03363462]
[ 0.03590597  0.19534089  0.18124027  0.5028491   0.05102915  0.03363462]
[ 0.05052029  0.08868706  0.15346346  0.26321197  0.14763423  0.29648299]
[ 0.05052029  0.08868706  0.15346346  0.26321197  0.14763423  0.29648299]
[ 0.21259347  0.07857659  0.19780665  0.39959056  0.04505565  0.06637709]
[ 0.21259347  0.07857659  0.19780665  0.39959056  0.04505565  0.06637709]
[ 0.0246126   0.13434696  0.63702242  0.05280553  0.09934142  0.05187108]
[ 0.0246126   0.13434696  0.63702242  0.05280553  0.09934142  0.05187108]
[ 0.05558854  0.09668267  0.45003433  0.0971649   0.18845594  0.11207363]
[ 0.05558854  0.09668267  0.45003433  0.0971649   0.18845594  0.11207363]
[ 0.19015858  0.04946837  0.57479892  0.11438731  0.04682694  0.02435988]
[ 0.19015858  0.04946837  0.57479892  0.11438731  0.04682694  0.02435988]
[ 0.05879625  0.07241831  0.67951386  0.09448948  0.05225523  0.04252687]
[ 0.05879625  0.07241831  0.67951386  0.09448948  0.05225523  0.04252687]
[ 0.0540091   0.22998169  0.55781913  0.05486754  0.08459343  0.01872911]
[ 0.0540091   0.22998169  0.55781913  0.05486754  0.08459343  0.01872911]
[ 0.02862743  0.07334094  0.5460866   0.25862759  0.04187407  0.05144337]
[ 0.02862743  0.07334094  0.5460866   0.25862759  0.04187407  0.05144337]
[ 0.03343639  0.03802697  0.64311302  0.17477142  0.07769157  0.03296063]
[ 0.03343639  0.03802697  0.64311302  0.17477142  0.07769157  0.03296063]
[ 0.03310862  0.0487498   0.17061971  0.60443984  0.05968117  0.08340086]
[ 0.03310862  0.0487498   0.17061971  0.60443984  0.05968117  0.08340086]
[ 0.01515873  0.09133723  0.72511353  0.04234955  0.07658779  0.04945318]
[ 0.01515873  0.09133723  0.72511353  0.04234955  0.07658779  0.04945318]
[ 0.03773306  0.07692841  0.52347306  0.2320504   0.08441805  0.04539701]
[ 0.03773306  0.07692841  0.52347306  0.2320504   0.08441805  0.04539701]
[ 0.06630546  0.07742468  0.17000761  0.35245752  0.11041601  0.22338872]
[ 0.06630546  0.07742468  0.17000761  0.35245752  0.11041601  0.22338872]
[ 0.07420357  0.15421102  0.4590837   0.12931005  0.1236636   0.05952806]
[ 0.07420357  0.15421102  0.4590837   0.12931005  0.1236636   0.05952806]
[ 0.05686299  0.12670703  0.51650364  0.12062458  0.0906357   0.08866605]
[ 0.05686299  0.12670703  0.51650364  0.12062458  0.0906357   0.08866605]
[ 0.05290533  0.14900943  0.59010491  0.10363173  0.07108887  0.03325973]
[ 0.05290533  0.14900943  0.59010491  0.10363173  0.07108887  0.03325973]
[ 0.03678578  0.31389746  0.21452258  0.16834304  0.14839865  0.1180525 ]
[ 0.03678578  0.31389746  0.21452258  0.16834304  0.14839865  0.1180525 ]
[ 0.02248135  0.06007459  0.52844663  0.23544346  0.11486477  0.0386892 ]
[ 0.02248135  0.06007459  0.52844663  0.23544346  0.11486477  0.0386892 ]
[ 0.04312011  0.08701928  0.65279544  0.10636452  0.06602338  0.04467727]
[ 0.04312011  0.08701928  0.65279544  0.10636452  0.06602338  0.04467727]
[ 0.04807344  0.06611821  0.54702     0.10349802  0.12147828  0.11381205]
[ 0.04807344  0.06611821  0.54702     0.10349802  0.12147828  0.11381205]
[ 0.07160416  0.06606749  0.20174193  0.53252669  0.06993762  0.05812212]
[ 0.07160416  0.06606749  0.20174193  0.53252669  0.06993762  0.05812212]
[ 0.02816071  0.01226304  0.03438516  0.80038734  0.03224856  0.09255519]
[ 0.02816071  0.01226304  0.03438516  0.80038734  0.03224856  0.09255519]
[ 0.06319925  0.30992055  0.36805001  0.07196222  0.16665453  0.02021342]
[ 0.06319925  0.30992055  0.36805001  0.07196222  0.16665453  0.02021342]
[ 0.23601274  0.11051589  0.17602024  0.19790449  0.20799265  0.07155399]
[ 0.23601274  0.11051589  0.17602024  0.19790449  0.20799265  0.07155399]
[ 0.05953106  0.08095882  0.59784528  0.09759023  0.12738562  0.03668901]
[ 0.05953106  0.08095882  0.59784528  0.09759023  0.12738562  0.03668901]
[ 0.03165266  0.22338207  0.53993761  0.07925694  0.10216508  0.02360564]
[ 0.03165266  0.22338207  0.53993761  0.07925694  0.10216508  0.02360564]
[ 0.02125771  0.07720662  0.3679209   0.07839953  0.04264097  0.41257428]
[ 0.02125771  0.07720662  0.3679209   0.07839953  0.04264097  0.41257428]
[ 0.09794293  0.05903207  0.60457673  0.08259904  0.05496342  0.10088582]
[ 0.09794293  0.05903207  0.60457673  0.08259904  0.05496342  0.10088582]
[ 0.04355244  0.03912043  0.22182073  0.59215522  0.05373528  0.04961591]
[ 0.04355244  0.03912043  0.22182073  0.59215522  0.05373528  0.04961591]
[ 0.02253692  0.06381839  0.71946925  0.10413428  0.04688584  0.04315533]
[ 0.02253692  0.06381839  0.71946925  0.10413428  0.04688584  0.04315533]
[ 0.04046687  0.10927697  0.62960976  0.08111687  0.06748681  0.07204273]
[ 0.04046687  0.10927697  0.62960976  0.08111687  0.06748681  0.07204273]
[ 0.0506951   0.0386746   0.229954    0.45480354  0.06916662  0.15670615]
[ 0.0506951   0.0386746   0.229954    0.45480354  0.06916662  0.15670615]
[ 0.20158905  0.12949001  0.23888809  0.29026321  0.08493312  0.05483652]
[ 0.20158905  0.12949001  0.23888809  0.29026321  0.08493312  0.05483652]
[ 0.03915475  0.27803447  0.37644911  0.17445188  0.07515033  0.05675945]
[ 0.03915475  0.27803447  0.37644911  0.17445188  0.07515033  0.05675945]
[ 0.16733353  0.13750237  0.45033575  0.13759946  0.04992105  0.05730785]
[ 0.16733353  0.13750237  0.45033575  0.13759946  0.04992105  0.05730785]
[ 0.18681749  0.07285385  0.32597449  0.16383386  0.21149695  0.03902336]
[ 0.18681749  0.07285385  0.32597449  0.16383386  0.21149695  0.03902336]
[ 0.05537911  0.11260035  0.4803474   0.09454333  0.07175342  0.1853764 ]
[ 0.05537911  0.11260035  0.4803474   0.09454333  0.07175342  0.1853764 ]
[ 0.04208894  0.14547086  0.50984311  0.19888829  0.07988624  0.02382256]
[ 0.04208894  0.14547086  0.50984311  0.19888829  0.07988624  0.02382256]
[ 0.05747709  0.08462409  0.41166319  0.34037443  0.08499384  0.02086737]
[ 0.05747709  0.08462409  0.41166319  0.34037443  0.08499384  0.02086737]
[ 0.04880022  0.02764591  0.14577982  0.52396747  0.21529796  0.03850861]
[ 0.04880022  0.02764591  0.14577982  0.52396747  0.21529796  0.03850861]
[ 0.07564198  0.12006275  0.28036315  0.38249526  0.07693927  0.06449758]
[ 0.07564198  0.12006275  0.28036315  0.38249526  0.07693927  0.06449758]
[ 0.02951825  0.21112905  0.45464677  0.23875137  0.04657327  0.01938129]
[ 0.02951825  0.21112905  0.45464677  0.23875137  0.04657327  0.01938129]
[ 0.03915196  0.07503025  0.71964022  0.06744418  0.06479462  0.03393876]
[ 0.03915196  0.07503025  0.71964022  0.06744418  0.06479462  0.03393876]
[ 0.05517865  0.01097028  0.0387844   0.77354217  0.09420474  0.02731977]
[ 0.05517865  0.01097028  0.0387844   0.77354217  0.09420474  0.02731977]
[ 0.02912662  0.03915138  0.79938682  0.06639814  0.04837045  0.01756659]
[ 0.02912662  0.03915138  0.79938682  0.06639814  0.04837045  0.01756659]
[ 0.02969534  0.03981453  0.73805154  0.12421584  0.03495573  0.03326702]
[ 0.02969534  0.03981453  0.73805154  0.12421584  0.03495573  0.03326702]
[ 0.03176196  0.12314491  0.37187177  0.09327431  0.36923824  0.01070881]
[ 0.03176196  0.12314491  0.37187177  0.09327431  0.36923824  0.01070881]
[ 0.05269447  0.0560424   0.62822047  0.15530475  0.09639641  0.01134151]
[ 0.05269447  0.0560424   0.62822047  0.15530475  0.09639641  0.01134151]
[ 0.0329094   0.08118199  0.72330134  0.06433134  0.0582405   0.04003542]
[ 0.0329094   0.08118199  0.72330134  0.06433134  0.0582405   0.04003542]
[ 0.0523834   0.0795378   0.59656627  0.12483191  0.11330997  0.03337065]
[ 0.0523834   0.0795378   0.59656627  0.12483191  0.11330997  0.03337065]
[ 0.05381037  0.16033158  0.44437097  0.12363433  0.11562461  0.10222814]
[ 0.05381037  0.16033158  0.44437097  0.12363433  0.11562461  0.10222814]
[ 0.01976635  0.04829231  0.83759928  0.03955631  0.04264017  0.01214558]
[ 0.01976635  0.04829231  0.83759928  0.03955631  0.04264017  0.01214558]
[ 0.18907357  0.14240306  0.38626766  0.14342945  0.07561489  0.06321137]
[ 0.18907357  0.14240306  0.38626766  0.14342945  0.07561489  0.06321137]
[ 0.10966983  0.18646378  0.3653458   0.11798552  0.19693891  0.02359616]
[ 0.10966983  0.18646378  0.3653458   0.11798552  0.19693891  0.02359616]
[ 0.10508832  0.34724093  0.22344657  0.23918189  0.07102045  0.01402184]
[ 0.10508832  0.34724093  0.22344657  0.23918189  0.07102045  0.01402184]
[ 0.02565138  0.12765998  0.44877442  0.18014259  0.07633093  0.14144069]
[ 0.02565138  0.12765998  0.44877442  0.18014259  0.07633093  0.14144069]
[ 0.08642412  0.12960076  0.51699174  0.09640452  0.08210248  0.08847638]
[ 0.08642412  0.12960076  0.51699174  0.09640452  0.08210248  0.08847638]
[ 0.06710157  0.12322784  0.40429307  0.13656135  0.13185939  0.13695677]
[ 0.06710157  0.12322784  0.40429307  0.13656135  0.13185939  0.13695677]
[ 0.02199522  0.03905307  0.36085072  0.5017924   0.0382391   0.03806949]
[ 0.02199522  0.03905307  0.36085072  0.5017924   0.0382391   0.03806949]
[ 0.03222777  0.12604268  0.28444571  0.18138814  0.12411683  0.25177887]
[ 0.03222777  0.12604268  0.28444571  0.18138814  0.12411683  0.25177887]
